00001 6201
00002 6201
00003 6201
00004 2364
00005 2364
00006 5074
00007 6156
00008 2364
00009 5074
00010 5093
00011 5093
00012 9999
00013 9002
00014 9002
00015 9002
00016 9002
00017 9003
00018 9999
00019 9999
00020 5074
00021 9999
00022 9999
00023 9001
00024 9001
00025 9999
00026 9999
00027 6201
00028 6201
00029 5093
00030 5096
00031 5096
00032 5096
00033 5096
00034 6014
00035 6045
00036 6156
00037 9999
00038 6014
00039 6045
00040 6045
00041 6156
00042 6156
00043 9999
00044 9001
00045 9999
00046 9999
00047 9999
00048 9999
00049 9999
00050 9999
00051 9001
00052 9001
00053 9001
00054 9002
00055 9003
00056 9003
00057 9002
00058 9003
00059 9003
00060 9999
00061 0637
00062 0637
00063 0638
00064 0638
00065 9999
00066 0637
00067 0638
00068 0638
00069 0638
00070 0637
00071 0638
00072 9999
00073 9999
00074 0637
00075 0637
00076 0638
00077 9999
00078 0637
00079 0637
00080 0638
00081 0637
00082 0638
00083 9999
00084 0637
00085 0638
00086 0638
00087 0637
00088 0638
00089 0637
00090 0638
00091 0637
00092 0637
00093 0637
00094 0638
00095 0637
00096 0638
00097 0638
00098 0637
00099 0638
00100 0637
00101 0638
00102 0638
00103 0637
00104 0637
00105 0637
00106 0638
00107 0638
00108 0638
00109 0637
00110 0638
00111 0638
00112 0637
00113 0637
00114 0638
00115 0637
00116 0637
00117 0638
00118 0637
00119 0638
00120 0637
00121 0638
00122 0638
00123 0638
00124 0638
00125 0638
00126 0637
00127 0637
00128 0638
00129 0637
00130 0637
00131 0637
00132 0638
00133 0637
00134 0638
00135 0637
00136 0638
00137 0638
00138 0638
00139 0638
00140 0638
00141 0638
00142 0638